Reaction_Coordinate   Radius (Angstrom)
-32.07300   2.70045
-31.82300   2.50301
-31.57300   2.30106
-31.32300   2.09943
-31.07300   1.91773
-30.82300   1.73338
-30.57300   1.57688
-30.32300   1.42795
-30.07300   1.29562
-29.82300   1.18577
-29.57300   1.09435
-29.32300   1.03539
-29.07300   1.00793
-28.82300   1.00469
-28.57300   .98585
-28.32300   .97539
-28.07300   .97934
-27.82300   1.01426
-27.57300   1.07052
-27.32300   1.13299
-27.07300   1.23934
-26.82300   1.34481
-26.57300   1.47347
-26.32300   1.60759
-26.07300   1.75957
-25.82300   1.86995
-25.57300   1.97657
-25.32300   2.08688
-25.07300   2.22274
-24.82300   2.37004
-24.57300   2.47904
-24.32300   2.45110
-24.07300   2.43334
-23.82300   2.43263
-23.57300   2.45346
-23.32300   2.47880
-23.07300   2.53238
-22.82300   2.58568
-22.57300   2.60248
-22.32300   2.62784
-22.07300   2.66234
-21.82300   2.70440
-21.57300   2.74530
-21.32300   2.57663
-21.07300   2.42263
-20.82300   2.26117
-20.57300   2.12320
-20.32300   1.99064
-20.07300   1.85494
-19.82300   1.76164
-19.57300   1.65763
-19.32300   1.58496
-19.07300   1.52411
-18.82300   1.46155
-18.57300   1.42488
-18.32300   1.39641
-18.07300   1.40391
-17.82300   1.42462
-17.57300   1.48078
-17.32300   1.55096
-17.07300   1.54354
-16.82300   1.43331
-16.57300   1.34764
-16.32300   1.27081
-16.07300   1.25163
-15.82300   1.24037
-15.57300   1.26399
-15.32300   1.30986
-15.07300   1.37208
-14.82300   1.48093
-14.57300   1.59255
-14.32300   1.72566
-14.07300   1.86558
-13.82300   2.03909
-13.57300   2.21389
-13.32300   2.12692
-13.07300   2.00921
-12.82300   1.89753
-12.57300   1.79773
-12.32300   1.73357
-12.07300   1.64440
-11.82300   1.57541
-11.57300   1.52458
-11.32300   1.48980
-11.07300   1.47825
-10.82300   1.47051
-10.57300   1.49037
-10.32300   1.53064
-10.07300   1.58518
-9.82300   1.66743
-9.57300   1.75458
-9.32300   1.85653
-9.07300   1.97606
-8.82300   2.10085
-8.57300   2.24659
-8.32300   2.38110
-8.07300   2.20840
-7.82300   2.04952
-7.57300   1.90044
-7.32300   1.75879
-7.07300   1.62351
-6.82300   1.51404
-6.57300   1.41203
-6.32300   1.33852
-6.07300   1.27133
-5.82300   1.22493
-5.57300   1.19936
-5.32300   1.14639
-5.07300   1.10418
-4.82300   1.09446
-4.57300   1.11336
-4.32300   1.15833
-4.07300   1.23185
-3.82300   1.33072
-3.57300   1.45049
-3.32300   1.58431
-3.07300   1.69490
-2.82300   1.91045
-2.57300   2.08456
-2.32300   2.27525
-2.07300   2.47695
-1.82300   2.67271
-1.57300   2.75749
-1.32300   2.83002
-1.07300   2.96847
-.82300   3.09407
-.57300   3.22230
-.32300   3.36765
-.07300   3.53206
.17700   3.69322
.42700   3.86171
.67700   4.04347
.92700   4.22605
1.17700   4.24814
1.42700   4.18958
1.67700   4.14935
1.92700   4.13605
1.92700   4.13101
2.17700   4.11665
2.42700   4.11551
2.67700   3.99263
2.92700   3.76889
3.17700   3.54964
3.42700   3.32505
3.67700   3.11409
3.92700   2.89853
4.17700   2.69299
4.42700   2.49784
4.67700   2.30235
4.92700   2.11787
5.17700   1.93224
5.42700   1.77787
5.67700   1.63002
5.92700   1.49054
6.17700   1.36635
6.42700   1.28321
6.67700   1.20515
6.92700   1.13943
7.17700   1.06612
7.42700   1.02093
7.67700   .98394
7.92700   .98908
8.17700   1.00901
8.42700   1.03898
8.67700   1.10542
8.92700   1.19671
9.17700   1.17203
9.42700   1.03236
9.67700   .91389
9.92700   .79949
10.17700   .71212
10.42700   .65141
10.67700   .61526
10.92700   .60394
11.17700   .63438
11.42700   .67400
11.67700   .75215
11.92700   .83652
12.17700   .95582
12.42700   1.09432
12.67700   1.01122
12.92700   .90636
13.17700   .81366
13.42700   .74959
13.67700   .70427
13.92700   .69015
14.17700   .70077
14.42700   .72409
14.67700   .78621
14.92700   .88114
15.17700   .98146
15.42700   1.10955
15.67700   1.00572
15.92700   .89507
16.17700   .79923
16.42700   .72566
16.67700   .69788
16.92700   .66948
17.17700   .67727
17.42700   .72417
17.67700   .78724
17.92700   .86475
18.17700   .98056
18.42700   1.10197
18.67700   1.24300
18.92700   1.14480
19.17700   1.05219
19.42700   .97682
19.67700   .92323
19.92700   .89482
20.17700   .90287
20.42700   .92532
20.67700   .97776
20.92700   1.04520
21.17700   1.12844
21.42700   1.23800
21.67700   1.35926
21.92700   1.50844
22.17700   1.65403
22.42700   1.82348
22.67700   1.99774
22.92700   2.17632
23.17700   2.36785
23.42700   2.56116
23.67700   2.76082
23.92700   2.96887
24.17700   3.18310
24.42700   3.38398
24.67700   3.46005
24.92700   3.55584
25.17700   3.65494
25.42700   3.76527
25.67700   3.87682
25.92700   4.00578
26.17700   4.14263
26.42700   4.27712
26.67700   4.43723
26.92700   4.58195
27.17700   4.75029
27.42700   4.91402
